 Id  Sports Religious Nature Theatre Shopping Picnic
 1      2      77      79      69      68      95
 2      2      62      76      76      69      68
 3      2      50      97      87      50      75
 4      2      68      77      95      76      61
 5      3      52      109      93      52     76
 6      3      64      85      82      73      69
 7      3      54      107      92      54     76
 8      3      64      82      82      75      69
 9      3      63      82      81      78      69
 10     5      59      131      103      54   86
 11     5      56      124      108      56   85
 12     4      85      67      111      65    72
 13     5      114      83      65      114   102
 14     4      93      82      79      79     90
 15     4      105      52      75      113   78
 16     5      69      118      74      66    101
 17     4      71      123      64      59    102
 18     5      88      94      81      79     91
 19     5      83      99      89      74     91
 20     5      69      93      93      81     79
